C:\Users\Admin\AppData\Local\Programs\Python\Python38\interpreter\Scripts\python.exe C:\Users\Admin\Desktop\magistr\AI\6138_time_series\lab.py
               Country/Region       Lat       Long  ...  4/19/21  4/20/21  4/21/21
Province/State                                      ...
NaN               Afghanistan  33.93911  67.709953  ...    57898    58037    58214
NaN                   Albania  41.15330  20.168300  ...   129694   129842   129980
NaN                   Algeria  28.03390   1.659600  ...   119805   119992   120174
NaN                   Andorra  42.50630   1.521800  ...    12805    12874    12917
NaN                    Angola -11.20270  17.873900  ...    24518    24661    24883

[5 rows x 459 columns]
2020-01-23     655
2020-01-24     941
2020-01-25    1433
2020-01-26    2118
2020-01-27    2927
dtype: int64
Days in dataset:
(455,)
(355,)
torch.Size([349, 5, 1])
tensor([[[0.0002],
         [0.0000],
         [0.0001],
         [0.0003],
         [0.0003]],

        [[0.0000],
         [0.0001],
         [0.0003],
         [0.0003],
         [0.0016]]])
torch.Size([349, 1])
tensor([[0.0016],
        [0.0002]])
[[0.00024634]
 [0.        ]
 [0.00013752]
 [0.00026637]
 [0.00034915]
 [0.00157885]
 [0.00020228]
 [0.00118964]
 [0.00093863]
 [0.00121835]]
X_train.shape
torch.Size([349, 5, 1])
Y_train.shape
torch.Size([349, 1])
CoronaVirusPredictor(
  (lstm): LSTM(1, 512, num_layers=3, dropout=0.5)
  (linear): Linear(in_features=512, out_features=1, bias=True)
)
preds
[0.1667642742395401, 0.16777415573596954, 0.16824670135974884, 0.16850991547107697, 0.16865192353725433, 0.16873125731945038, 0.16877703368663788, 0.16880428791046143, 0.16882078349590302, 0.1688309758901596, 0.16883735358715057, 0.1688414067029953, 0.16884401440620422, 0.16884571313858032, 0.16884683072566986, 0.16884757578372955, 0.16884806752204895, 0.1688484102487564, 0.1688486486673355, 0.16884882748126984, 0.168848916888237, 0.16884900629520416, 0.16884908080101013, 0.16884909570217133, 0.1688491404056549, 0.1688491702079773, 0.1688491851091385, 0.16884920001029968, 0.16884920001029968, 0.16884921491146088, 0.16884922981262207, 0.16884921491146088, 0.16884921491146088, 0.16884921491146088, 0.16884921491146088, 0.16884921491146088, 0.16884922981262207, 0.16884922981262207, 0.16884922981262207, 0.16884922981262207, 0.16884922981262207, 0.16884922981262207, 0.16884922981262207, 0.16884922981262207, 0.16884924471378326, 0.16884922981262207, 0.16884924471378326, 0.16884924471378326, 0.16884924471378326, 0.16884922981262207, 0.16884922981262207, 0.16884922981262207, 0.16884922981262207, 0.16884922981262207, 0.16884922981262207, 0.16884922981262207, 0.16884922981262207, 0.16884922981262207, 0.16884922981262207, 0.16884924471378326, 0.16884922981262207, 0.16884922981262207, 0.16884922981262207, 0.16884922981262207, 0.16884922981262207, 0.16884922981262207, 0.16884922981262207, 0.16884922981262207, 0.16884922981262207, 0.16884922981262207, 0.16884922981262207, 0.16884922981262207, 0.16884922981262207, 0.16884924471378326, 0.16884924471378326, 0.16884924471378326, 0.16884922981262207, 0.16884922981262207, 0.16884922981262207, 0.16884922981262207, 0.16884924471378326, 0.16884922981262207, 0.16884922981262207, 0.16884922981262207, 0.16884922981262207, 0.16884922981262207, 0.16884922981262207, 0.16884922981262207, 0.16884922981262207, 0.16884924471378326, 0.16884922981262207, 0.16884922981262207, 0.16884922981262207, 0.16884922981262207]
